1 0.15745192307692307 0.5564903846153846 0.11057692307692307 0.10817307692307693
1 0.32091346153846156 0.6574519230769231 0.07211538461538461 0.1310096153846154
1 0.3858173076923077 0.6682692307692307 0.07211538461538461 0.11658653846153846
1 0.4579326923076923 0.7103365384615384 0.06971153846153846 0.10817307692307693
1 0.5637019230769231 0.7043269230769231 0.0625 0.1045673076923077
1 0.6045673076923077 0.7211538461538461 0.03485576923076923 0.10096153846153846
1 0.6394230769230769 0.7103365384615384 0.03485576923076923 0.08653846153846154
1 0.6947115384615384 0.7980769230769231 0.055288461538461536 0.09014423076923077
1 0.7403846153846154 0.7524038461538461 0.055288461538461536 0.0829326923076923
1 0.8810096153846154 0.7355769230769231 0.03245192307692308 0.056490384615384616
1 0.9759615384615384 0.7680288461538461 0.037259615384615384 0.0673076923076923