1 0.0889423076923077 0.17307692307692307 0.0625 0.08653846153846154
1 0.21875 0.17307692307692307 0.057692307692307696 0.08653846153846154
1 0.33052884615384615 0.14543269230769232 0.055288461538461536 0.0829326923076923
1 0.5036057692307693 0.09975961538461539 0.0673076923076923 0.08653846153846154
1 0.7932692307692307 0.23317307692307693 0.0625 0.0733173076923077
1 0.9519230769230769 0.16466346153846154 0.055288461538461536 0.05048076923076923
1 0.6634615384615384 0.34134615384615385 0.057692307692307696 0.07692307692307693
1 0.8485576923076923 0.49278846153846156 0.04807692307692308 0.06009615384615385
1 0.9783653846153846 0.43149038461538464 0.03245192307692308 0.06370192307692307
1 0.71875 0.4963942307692308 0.037259615384615384 0.052884615384615384
1 0.5420673076923077 0.32211538461538464 0.055288461538461536 0.06971153846153846
1 0.4074519230769231 0.3545673076923077 0.055288461538461536 0.06971153846153846
1 0.2247596153846154 0.41225961538461536 0.030048076923076924 0.07692307692307693
1 0.1875 0.4266826923076923 0.055288461538461536 0.08052884615384616
1 0.1201923076923077 0.43028846153846156 0.05048076923076923 0.0733173076923077
1 0.013221153846153846 0.4567307692307692 0.026442307692307692 0.07692307692307693
1 0.020432692307692308 0.6081730769230769 0.039663461538461536 0.04326923076923077
1 0.12980769230769232 0.6105769230769231 0.04447115384615385 0.06009615384615385
1 0.2620192307692308 0.5721153846153846 0.039663461538461536 0.056490384615384616
1 0.3425480769230769 0.5805288461538461 0.04447115384615385 0.06009615384615385
1 0.46875 0.5204326923076923 0.052884615384615384 0.06009615384615385
1 0.5697115384615384 0.5072115384615384 0.05048076923076923 0.06009615384615385
1 0.9639423076923077 0.6466346153846154 0.042067307692307696 0.06009615384615385
1 0.8137019230769231 0.6838942307692307 0.027644230769230768 0.06009615384615385
1 0.7223557692307693 0.6947115384615384 0.039663461538461536 0.06370192307692307
1 0.6502403846153846 0.6971153846153846 0.04447115384615385 0.046875
1 0.5372596153846154 0.75 0.039663461538461536 0.06009615384615385
1 0.48197115384615385 0.7427884615384616 0.03485576923076923 0.06009615384615385
1 0.37259615384615385 0.7872596153846154 0.03485576923076923 0.06009615384615385
1 0.29086538461538464 0.7704326923076923 0.03245192307692308 0.052884615384615384
1 0.17908653846153846 0.796875 0.03245192307692308 0.052884615384615384
1 0.08533653846153846 0.7980769230769231 0.039663461538461536 0.06370192307692307
1 0.019230769230769232 0.8088942307692307 0.037259615384615384 0.056490384615384616
1 0.018028846153846152 0.9038461538461539 0.030048076923076924 0.046875
1 0.11658653846153846 0.8966346153846154 0.02283653846153846 0.046875
1 0.20673076923076922 0.8605769230769231 0.03245192307692308 0.052884615384615384
1 0.3329326923076923 0.8545673076923077 0.030048076923076924 0.056490384615384616
1 0.4831730769230769 0.8822115384615384 0.027644230769230768 0.056490384615384616
1 0.5721153846153846 0.8497596153846154 0.03485576923076923 0.06009615384615385
1 0.6947115384615384 0.8197115384615384 0.03485576923076923 0.06009615384615385
1 0.7872596153846154 0.8413461538461539 0.039663461538461536 0.06370192307692307
1 0.9002403846153846 0.8088942307692307 0.03485576923076923 0.056490384615384616
1 0.9855769230769231 0.7896634615384616 0.025240384615384616 0.06009615384615385
1 0.8149038461538461 0.9399038461538461 0.030048076923076924 0.046875
1 0.7403846153846154 0.9314903846153846 0.03485576923076923 0.05048076923076923
1 0.6418269230769231 0.9387019230769231 0.03245192307692308 0.056490384615384616
1 0.5973557692307693 0.9795673076923077 0.025240384615384616 0.039663461538461536
1 0.5132211538461539 0.9435096153846154 0.03245192307692308 0.046875
1 0.44591346153846156 0.9399038461538461 0.03245192307692308 0.039663461538461536
1 0.3786057692307692 0.953125 0.03245192307692308 0.046875
1 0.29086538461538464 0.9699519230769231 0.037259615384615384 0.046875
1 0.17548076923076922 0.9483173076923077 0.025240384615384616 0.037259615384615384
1 0.11177884615384616 0.9747596153846154 0.03125 0.04567307692307692