1 0.6418269230769231 0.3329326923076923 0.0625 0.18629807692307693
1 0.9254807692307693 0.37740384615384615 0.08052884615384616 0.15985576923076922
1 0.8329326923076923 0.2776442307692308 0.06490384615384616 0.1466346153846154
1 0.6117788461538461 0.49158653846153844 0.0625 0.1466346153846154
1 0.5588942307692307 0.35336538461538464 0.057692307692307696 0.12860576923076922
1 0.40024038461538464 0.2824519230769231 0.09495192307692307 0.15504807692307693
1 0.7608173076923077 0.31971153846153844 0.037259615384615384 0.11538461538461539
0 0.3605769230769231 0.48677884615384615 0.09975961538461539 0.21754807692307693
2 0.2403846153846154 0.4266826923076923 0.06971153846153846 0.15985576923076922
2 0.04927884615384615 0.33533653846153844 0.052884615384615384 0.1201923076923077
2 0.019230769230769232 0.33052884615384615 0.03245192307692308 0.1466346153846154