1 0.03245192307692308 0.8245192307692307 0.025240384615384616 0.06610576923076923
1 0.0829326923076923 0.890625 0.025240384615384616 0.056490384615384616
1 0.11658653846153846 0.7956730769230769 0.027644230769230768 0.056490384615384616
1 0.20192307692307693 0.8173076923076923 0.03485576923076923 0.07091346153846154
1 0.2668269230769231 0.7872596153846154 0.052884615384615384 0.08533653846153846
1 0.31009615384615385 0.8810096153846154 0.030048076923076924 0.07572115384615384
1 0.36538461538461536 0.8810096153846154 0.025240384615384616 0.056490384615384616
1 0.5228365384615384 0.7932692307692307 0.039663461538461536 0.09014423076923077
1 0.6009615384615384 0.8245192307692307 0.037259615384615384 0.09495192307692307
1 0.7151442307692307 0.8245192307692307 0.055288461538461536 0.1141826923076923
1 0.8040865384615384 0.8076923076923077 0.04807692307692308 0.09975961538461539
1 0.8942307692307693 0.84375 0.037259615384615384 0.06610576923076923
2 0.9074519230769231 0.5444711538461539 0.030048076923076924 0.07572115384615384