1 0.15384615384615385 0.16826923076923078 0.0625 0.09735576923076923
1 0.9098557692307693 0.20552884615384615 0.05048076923076923 0.0673076923076923
1 0.3557692307692308 0.19471153846153846 0.04807692307692308 0.07451923076923077
1 0.29086538461538464 0.2956730769230769 0.03245192307692308 0.052884615384615384
0 0.06370192307692307 0.2980769230769231 0.04807692307692308 0.078125
0 0.5228365384615384 0.1971153846153846 0.055288461538461536 0.10096153846153846
0 0.8834134615384616 0.27884615384615385 0.057692307692307696 0.09375
2 0.9771634615384616 0.20072115384615385 0.04447115384615385 0.07091346153846154
2 0.8052884615384616 0.29447115384615385 0.055288461538461536 0.08653846153846154
2 0.7668269230769231 0.23197115384615385 0.037259615384615384 0.06009615384615385
2 0.6370192307692307 0.2439903846153846 0.04447115384615385 0.06009615384615385
2 0.39903846153846156 0.21514423076923078 0.042067307692307696 0.06370192307692307
2 0.2764423076923077 0.15384615384615385 0.04807692307692308 0.0673076923076923