1 0.8064903846153846 0.5552884615384616 0.07692307692307693 0.14543269230769232
2 0.6105769230769231 0.3894230769230769 0.13942307692307693 0.2920673076923077
1 0.9098557692307693 0.6610576923076923 0.06009615384615385 0.11899038461538461
0 0.8353365384615384 0.8257211538461539 0.04447115384615385 0.10216346153846154
2 0.7800480769230769 0.6730769230769231 0.055288461538461536 0.0889423076923077
1 0.71875 0.7427884615384616 0.052884615384615384 0.07932692307692307
1 0.6526442307692307 0.7632211538461539 0.06009615384615385 0.08413461538461539
1 0.5745192307692307 0.7163461538461539 0.05048076923076923 0.07932692307692307
1 0.5288461538461539 0.6454326923076923 0.057692307692307696 0.10576923076923077
1 0.4543269230769231 0.6346153846153846 0.0673076923076923 0.08413461538461539
2 0.5372596153846154 0.8317307692307693 0.03485576923076923 0.07091346153846154
1 0.6213942307692307 0.9050480769230769 0.02283653846153846 0.039663461538461536
1 0.5348557692307693 0.9206730769230769 0.025240384615384616 0.04447115384615385
1 0.32572115384615385 0.546875 0.09254807692307693 0.15504807692307693
1 0.8713942307692307 0.7980769230769231 0.037259615384615384 0.08413461538461539
1 0.7355769230769231 0.8209134615384616 0.04447115384615385 0.06610576923076923
1 0.4254807692307692 0.9447115384615384 0.014423076923076924 0.03125
1 0.20432692307692307 0.10216346153846154 0.0673076923076923 0.18629807692307693
1 0.16105769230769232 0.46274038461538464 0.08774038461538461 0.17307692307692307
1 0.17668269230769232 0.7151442307692307 0.0673076923076923 0.10216346153846154
1 0.18389423076923078 0.5769230769230769 0.037259615384615384 0.09254807692307693
1 0.22355769230769232 0.7944711538461539 0.042067307692307696 0.10216346153846154
1 0.1310096153846154 0.8293269230769231 0.03245192307692308 0.06610576923076923