2 0.8509615384615384 0.8401442307692307 0.11778846153846154 0.2127403846153846
2 0.9362980769230769 0.5865384615384616 0.10216346153846154 0.14182692307692307
1 0.9567307692307693 0.3870192307692308 0.0829326923076923 0.09735576923076923
1 0.8605769230769231 0.36899038461538464 0.09014423076923077 0.16947115384615385
1 0.7920673076923077 0.3449519230769231 0.039663461538461536 0.08413461538461539
2 0.7259615384615384 0.4110576923076923 0.09254807692307693 0.17307692307692307
1 0.65625 0.6778846153846154 0.11298076923076923 0.19110576923076922
1 0.5576923076923077 0.6466346153846154 0.08533653846153846 0.1466346153846154
1 0.41346153846153844 0.6382211538461539 0.13221153846153846 0.22716346153846154
1 0.5036057692307693 0.4423076923076923 0.042067307692307696 0.1466346153846154
2 0.6430288461538461 0.3605769230769231 0.06490384615384616 0.13341346153846154
0 0.5480769230769231 0.3112980769230769 0.06971153846153846 0.125
2 0.4182692307692308 0.2800480769230769 0.0625 0.11538461538461539
2 0.7896634615384616 0.18269230769230768 0.055288461538461536 0.09735576923076923
1 0.8269230769230769 0.20192307692307693 0.03485576923076923 0.08413461538461539
1 0.8786057692307693 0.13581730769230768 0.042067307692307696 0.07572115384615384
1 0.9699519230769231 0.20793269230769232 0.055288461538461536 0.12259615384615384
0 0.9278846153846154 0.19831730769230768 0.03485576923076923 0.07572115384615384
1 0.8064903846153846 0.042067307692307696 0.027644230769230768 0.04927884615384615
1 0.7560096153846154 0.11778846153846154 0.02283653846153846 0.04927884615384615
1 0.7379807692307693 0.18870192307692307 0.04447115384615385 0.08413461538461539
1 0.5901442307692307 0.3173076923076923 0.039663461538461536 0.10216346153846154
1 0.6213942307692307 0.2127403846153846 0.037259615384615384 0.0625
1 0.6658653846153846 0.1622596153846154 0.037259615384615384 0.057692307692307696
1 0.6237980769230769 0.15384615384615385 0.042067307692307696 0.057692307692307696
1 0.6670673076923077 0.052884615384615384 0.025240384615384616 0.052884615384615384
1 0.7091346153846154 0.06009615384615385 0.01201923076923077 0.039663461538461536
1 0.6057692307692307 0.078125 0.02283653846153846 0.04927884615384615
1 0.5901442307692307 0.11298076923076923 0.030048076923076924 0.04927884615384615
2 0.5216346153846154 0.12259615384615384 0.037259615384615384 0.07572115384615384
1 0.4891826923076923 0.20673076923076922 0.042067307692307696 0.09375
1 0.4963942307692308 0.2776442307692308 0.042067307692307696 0.08413461538461539
1 0.4831730769230769 0.04927884615384615 0.01201923076923077 0.052884615384615384
1 0.4230769230769231 0.057692307692307696 0.020432692307692308 0.04447115384615385
1 0.3641826923076923 0.039663461538461536 0.027644230769230768 0.052884615384615384
0 0.3449519230769231 0.16706730769230768 0.04447115384615385 0.07572115384615384
2 0.375 0.2692307692307692 0.025240384615384616 0.09375
1 0.32091346153846156 0.375 0.0625 0.10216346153846154
1 0.3137019230769231 0.1778846153846154 0.027644230769230768 0.07091346153846154
2 0.30288461538461536 0.057692307692307696 0.020432692307692308 0.04447115384615385
1 0.31850961538461536 0.5216346153846154 0.027644230769230768 0.07572115384615384
1 0.25240384615384615 0.5757211538461539 0.08052884615384616 0.17307692307692307
1 0.18389423076923078 0.7728365384615384 0.12259615384615384 0.24879807692307693
1 0.15264423076923078 0.2800480769230769 0.06009615384615385 0.11538461538461539
2 0.04447115384615385 0.3173076923076923 0.025240384615384616 0.10216346153846154
1 0.1045673076923077 0.25961538461538464 0.03485576923076923 0.10216346153846154
1 0.2608173076923077 0.3581730769230769 0.052884615384615384 0.07572115384615384
1 0.20432692307692307 0.21153846153846154 0.04807692307692308 0.08413461538461539
1 0.21995192307692307 0.11057692307692307 0.04447115384615385 0.0889423076923077
0 0.17307692307692307 0.08653846153846154 0.030048076923076924 0.08413461538461539
1 0.08774038461538461 0.12620192307692307 0.020432692307692308 0.057692307692307696