1 0.9170673076923077 0.7367788461538461 0.05048076923076923 0.09254807692307693
1 0.8329326923076923 0.6814903846153846 0.04447115384615385 0.0889423076923077
1 0.6514423076923077 0.7055288461538461 0.057692307692307696 0.10216346153846154
1 0.5961538461538461 0.7211538461538461 0.042067307692307696 0.0889423076923077
1 0.5504807692307693 0.49158653846153844 0.055288461538461536 0.10576923076923077
1 0.5228365384615384 0.7295673076923077 0.030048076923076924 0.0625
1 0.4735576923076923 0.7415865384615384 0.027644230769230768 0.08413461538461539
1 0.4411057692307692 0.7283653846153846 0.042067307692307696 0.09254807692307693
1 0.38822115384615385 0.6947115384615384 0.037259615384615384 0.07932692307692307
1 0.35096153846153844 0.6574519230769231 0.042067307692307696 0.09254807692307693
1 0.28725961538461536 0.6346153846153846 0.055288461538461536 0.11057692307692307
1 0.23557692307692307 0.75 0.03485576923076923 0.07572115384615384
2 0.1935096153846154 0.7451923076923077 0.042067307692307696 0.057692307692307696
1 0.1201923076923077 0.7716346153846154 0.04447115384615385 0.08413461538461539
1 0.0625 0.75 0.05048076923076923 0.09254807692307693
1 0.6334134615384616 0.7716346153846154 0.037259615384615384 0.06610576923076923
1 0.7007211538461539 0.7740384615384616 0.037259615384615384 0.0625