1 0.027644230769230768 0.7271634615384616 0.039663461538461536 0.07692307692307693
1 0.13701923076923078 0.7151442307692307 0.03485576923076923 0.07211538461538461
1 0.2283653846153846 0.7055288461538461 0.037259615384615384 0.07211538461538461
1 0.2764423076923077 0.7992788461538461 0.03245192307692308 0.07692307692307693
1 0.3329326923076923 0.7584134615384616 0.03485576923076923 0.08173076923076923
1 0.4387019230769231 0.7295673076923077 0.037259615384615384 0.08173076923076923
1 0.5649038461538461 0.7415865384615384 0.03485576923076923 0.07692307692307693
1 0.6514423076923077 0.6935096153846154 0.03245192307692308 0.0673076923076923
1 0.7427884615384616 0.7007211538461539 0.03485576923076923 0.07211538461538461
1 0.8365384615384616 0.6502403846153846 0.042067307692307696 0.0673076923076923
1 0.9519230769230769 0.6862980769230769 0.04447115384615385 0.08173076923076923