2 0.9639423076923077 0.7716346153846154 0.042067307692307696 0.07451923076923077
1 0.9038461538461539 0.71875 0.0673076923076923 0.1346153846153846
1 0.8425480769230769 0.7247596153846154 0.030048076923076924 0.040865384615384616
1 0.6971153846153846 0.7680288461538461 0.055288461538461536 0.09735576923076923
1 0.6502403846153846 0.7319711538461539 0.03485576923076923 0.07091346153846154
1 0.46875 0.7103365384615384 0.037259615384615384 0.07091346153846154
2 0.4182692307692308 0.7560096153846154 0.037259615384615384 0.07451923076923077
1 0.3737980769230769 0.6850961538461539 0.042067307692307696 0.07451923076923077
1 0.2091346153846154 0.6586538461538461 0.052884615384615384 0.09014423076923077
2 0.6009615384615384 0.6442307692307693 0.027644230769230768 0.037259615384615384
1 0.055288461538461536 0.7716346153846154 0.020432692307692308 0.030048076923076924
1 0.29447115384615385 0.7644230769230769 0.025240384615384616 0.04447115384615385