1 0.8725961538461539 0.20673076923076922 0.039663461538461536 0.07091346153846154
1 0.7548076923076923 0.21995192307692307 0.05048076923076923 0.07451923076923077
1 0.6622596153846154 0.2403846153846154 0.039663461538461536 0.056490384615384616
1 0.5685096153846154 0.12259615384615384 0.057692307692307696 0.09735576923076923
1 0.5132211538461539 0.16947115384615385 0.03245192307692308 0.04807692307692308
1 0.43990384615384615 0.17908653846153846 0.05048076923076923 0.07451923076923077
1 0.3701923076923077 0.36899038461538464 0.04447115384615385 0.07451923076923077
1 0.31490384615384615 0.15264423076923078 0.05048076923076923 0.07451923076923077
1 0.23076923076923078 0.21033653846153846 0.04807692307692308 0.078125
1 0.16346153846153846 0.22956730769230768 0.03245192307692308 0.056490384615384616
1 0.12139423076923077 0.23076923076923078 0.042067307692307696 0.06009615384615385
1 0.09735576923076923 0.1814903846153846 0.025240384615384616 0.040865384615384616
1 0.027644230769230768 0.15625 0.05048076923076923 0.08173076923076923