1 0.8028846153846154 0.921875 0.009615384615384616 0.021634615384615384
1 0.7836538461538461 0.9194711538461539 0.01201923076923077 0.026442307692307692
1 0.7451923076923077 0.9290865384615384 0.014423076923076924 0.026442307692307692
1 0.6778846153846154 0.9471153846153846 0.025240384615384616 0.0625
1 0.6983173076923077 0.8581730769230769 0.03245192307692308 0.036057692307692304
1 0.8509615384615384 0.90625 0.027644230769230768 0.0625
1 0.5492788461538461 0.8846153846153846 0.018028846153846152 0.0625
1 0.49759615384615385 0.8689903846153846 0.039663461538461536 0.08413461538461539
1 0.4074519230769231 0.8040865384615384 0.014423076923076924 0.026442307692307692
1 0.30528846153846156 0.8774038461538461 0.039663461538461536 0.07572115384615384
1 0.125 0.8557692307692307 0.03485576923076923 0.09375