1 0.15504807692307693 0.16466346153846154 0.055288461538461536 0.09014423076923077
0 0.06490384615384616 0.29927884615384615 0.04447115384615385 0.0829326923076923
1 0.3557692307692308 0.1971153846153846 0.04807692307692308 0.07091346153846154
1 0.28966346153846156 0.2920673076923077 0.03485576923076923 0.06009615384615385
1 0.9086538461538461 0.21033653846153846 0.042067307692307696 0.07451923076923077
0 0.8822115384615384 0.27884615384615385 0.055288461538461536 0.09375
0 0.5228365384615384 0.1971153846153846 0.06490384615384616 0.10096153846153846
2 0.8052884615384616 0.2920673076923077 0.055288461538461536 0.09014423076923077
2 0.9783653846153846 0.20072115384615385 0.042067307692307696 0.06370192307692307
2 0.6370192307692307 0.24519230769230768 0.04447115384615385 0.07091346153846154
2 0.39783653846153844 0.21754807692307693 0.03485576923076923 0.06009615384615385
2 0.27403846153846156 0.15384615384615385 0.04807692307692308 0.0673076923076923
2 0.7620192307692307 0.23076923076923078 0.03485576923076923 0.06370192307692307