1 0.8137019230769231 0.7067307692307693 0.052884615384615384 0.07692307692307693
1 0.5985576923076923 0.7331730769230769 0.0673076923076923 0.10216346153846154
1 0.42908653846153844 0.7367788461538461 0.057692307692307696 0.08774038461538461
2 0.25 0.7367788461538461 0.055288461538461536 0.0733173076923077
2 0.051682692307692304 0.7139423076923077 0.052884615384615384 0.06971153846153846
2 0.036057692307692304 0.9158653846153846 0.03245192307692308 0.04326923076923077
2 0.36658653846153844 0.9615384615384616 0.018028846153846152 0.039663461538461536
2 0.42908653846153844 0.9483173076923077 0.01201923076923077 0.028846153846153848
2 0.18389423076923078 0.8774038461538461 0.01201923076923077 0.025240384615384616
2 0.25721153846153844 0.8798076923076923 0.014423076923076924 0.021634615384615384
2 0.29447115384615385 0.8870192307692307 0.014423076923076924 0.021634615384615384
1 0.5637019230769231 0.9014423076923077 0.018028846153846152 0.028846153846153848
2 0.6322115384615384 0.8834134615384616 0.014423076923076924 0.021634615384615384
2 0.7872596153846154 0.9038461538461539 0.014423076923076924 0.025240384615384616
2 0.8485576923076923 0.8990384615384616 0.018028846153846152 0.03245192307692308
2 0.9326923076923077 0.9074519230769231 0.014423076923076924 0.03245192307692308
2 0.9879807692307693 0.9110576923076923 0.020432692307692308 0.025240384615384616