1 0.9170673076923077 0.3137019230769231 0.05048076923076923 0.10216346153846154
1 0.8353365384615384 0.3737980769230769 0.04447115384615385 0.0889423076923077
1 0.6502403846153846 0.3485576923076923 0.055288461538461536 0.11057692307692307
1 0.5961538461538461 0.3245192307692308 0.042067307692307696 0.08052884615384616
1 0.5492788461538461 0.5600961538461539 0.052884615384615384 0.09735576923076923
1 0.47475961538461536 0.3112980769230769 0.030048076923076924 0.08052884615384616
1 0.43990384615384615 0.32211538461538464 0.04447115384615385 0.09375
1 0.38822115384615385 0.3557692307692308 0.042067307692307696 0.08052884615384616
1 0.35096153846153844 0.390625 0.042067307692307696 0.0889423076923077
1 0.28846153846153844 0.41346153846153844 0.057692307692307696 0.10697115384615384
1 0.23557692307692307 0.3004807692307692 0.03485576923076923 0.07572115384615384
2 0.1935096153846154 0.3004807692307692 0.037259615384615384 0.06610576923076923
1 0.11899038461538461 0.2800480769230769 0.042067307692307696 0.0889423076923077
1 0.0625 0.3016826923076923 0.05048076923076923 0.09735576923076923
1 0.7019230769230769 0.2776442307692308 0.03485576923076923 0.07572115384615384
1 0.5252403846153846 0.32211538461538464 0.03485576923076923 0.06610576923076923
1 0.6334134615384616 0.2776442307692308 0.037259615384615384 0.06610576923076923
1 0.1622596153846154 0.2980769230769231 0.025240384615384616 0.052884615384615384