2 0.9543269230769231 0.9627403846153846 0.057692307692307696 0.0733173076923077
1 0.9519230769230769 0.6538461538461539 0.055288461538461536 0.09375
1 0.7572115384615384 0.7367788461538461 0.06009615384615385 0.08052884615384616
1 0.71875 0.9350961538461539 0.0625 0.09014423076923077
2 0.9399038461538461 0.5300480769230769 0.05048076923076923 0.08653846153846154
1 0.9783653846153846 0.12139423076923077 0.042067307692307696 0.12980769230769232
1 0.9050480769230769 0.21875 0.06971153846153846 0.11658653846153846
0 0.8569711538461539 0.28846153846153844 0.055288461538461536 0.11057692307692307
1 0.7524038461538461 0.5132211538461539 0.055288461538461536 0.09375
1 0.5084134615384616 0.8653846153846154 0.0625 0.07692307692307693
1 0.5168269230769231 0.7331730769230769 0.0673076923076923 0.09375
1 0.4987980769230769 0.5805288461538461 0.0625 0.09375
1 0.6346153846153846 0.078125 0.06971153846153846 0.11057692307692307
1 0.47836538461538464 0.2536057692307692 0.07211538461538461 0.09375
1 0.4254807692307692 0.1778846153846154 0.07451923076923077 0.11057692307692307
1 0.3401442307692308 0.5168269230769231 0.055288461538461536 0.08653846153846154
1 0.31850961538461536 0.7379807692307693 0.0625 0.09014423076923077
1 0.2247596153846154 0.7427884615384616 0.06009615384615385 0.09975961538461539
1 0.14543269230769232 0.9194711538461539 0.04447115384615385 0.0733173076923077
1 0.06370192307692307 0.6622596153846154 0.0673076923076923 0.0829326923076923
1 0.03365384615384615 0.3629807692307692 0.0625 0.08653846153846154