1 0.8918269230769231 0.5108173076923077 0.07692307692307693 0.18990384615384615
1 0.7271634615384616 0.6838942307692307 0.09014423076923077 0.13701923076923078
1 0.9134615384615384 0.7764423076923077 0.04807692307692308 0.08413461538461539
1 0.6742788461538461 0.9098557692307693 0.042067307692307696 0.08413461538461539
1 0.5384615384615384 0.6730769230769231 0.052884615384615384 0.09735576923076923
1 0.47596153846153844 0.7391826923076923 0.037259615384615384 0.0889423076923077
1 0.37740384615384615 0.7259615384615384 0.03485576923076923 0.09735576923076923
1 0.42788461538461536 0.5444711538461539 0.06009615384615385 0.11538461538461539
1 0.3954326923076923 0.3293269230769231 0.06009615384615385 0.12860576923076922
1 0.23677884615384615 0.5685096153846154 0.0673076923076923 0.10216346153846154
1 0.4014423076923077 0.9471153846153846 0.027644230769230768 0.07091346153846154
1 0.17668269230769232 0.8713942307692307 0.037259615384615384 0.04447115384615385
1 0.042067307692307696 0.7944711538461539 0.06971153846153846 0.13701923076923078
1 0.5324519230769231 0.8942307692307693 0.020432692307692308 0.0625