1 0.3858173076923077 0.3954326923076923 0.1622596153846154 0.22956730769230768
1 0.06971153846153846 0.12620192307692307 0.13942307692307693 0.2127403846153846
1 0.09375 0.6983173076923077 0.11778846153846154 0.16346153846153846
1 0.3389423076923077 0.6862980769230769 0.11298076923076923 0.13942307692307693
1 0.6586538461538461 0.6454326923076923 0.14302884615384615 0.18389423076923078
1 0.5276442307692307 0.8233173076923077 0.1045673076923077 0.15985576923076922
1 0.7427884615384616 0.9002403846153846 0.09495192307692307 0.13942307692307693
1 0.025240384615384616 0.6682692307692307 0.05048076923076923 0.11057692307692307
1 0.8701923076923077 0.8846153846153846 0.09495192307692307 0.11658653846153846
1 0.6466346153846154 0.9038461538461539 0.0673076923076923 0.11298076923076923
2 0.43990384615384615 0.8052884615384616 0.06971153846153846 0.10336538461538461
2 0.9122596153846154 0.7199519230769231 0.1346153846153846 0.17307692307692307