1 0.9242788461538461 0.3557692307692308 0.13221153846153846 0.2848557692307692
1 0.6766826923076923 0.6105769230769231 0.027644230769230768 0.057692307692307696
1 0.59375 0.6021634615384616 0.03245192307692308 0.07572115384615384
1 0.45552884615384615 0.6838942307692307 0.030048076923076924 0.0625
1 0.8677884615384616 0.59375 0.014423076923076924 0.03125
1 0.5588942307692307 0.6358173076923077 0.01201923076923077 0.026442307692307692
1 0.5108173076923077 0.6358173076923077 0.018028846153846152 0.036057692307692304
1 0.3605769230769231 0.6598557692307693 0.020432692307692308 0.021634615384615384
1 0.2980769230769231 0.6442307692307693 0.030048076923076924 0.052884615384615384
1 0.10096153846153846 0.6995192307692307 0.17307692307692307 0.3245192307692308
2 0.2704326923076923 0.6935096153846154 0.014423076923076924 0.036057692307692304
1 0.7848557692307693 0.6021634615384616 0.009615384615384616 0.039663461538461536