2 0.9795673076923077 0.2127403846153846 0.03485576923076923 0.06009615384615385
2 0.9338942307692307 0.18509615384615385 0.04807692307692308 0.06971153846153846
2 0.8713942307692307 0.17668269230769232 0.03245192307692308 0.052884615384615384
2 0.8665865384615384 0.23317307692307693 0.02283653846153846 0.0733173076923077
2 0.9387019230769231 0.3894230769230769 0.03245192307692308 0.06009615384615385
1 0.9086538461538461 0.5120192307692307 0.057692307692307696 0.09615384615384616
0 0.8545673076923077 0.6213942307692307 0.06009615384615385 0.10336538461538461
2 0.7175480769230769 0.9519230769230769 0.08533653846153846 0.09014423076923077
2 0.7175480769230769 0.04447115384615385 0.030048076923076924 0.05048076923076923
2 0.7055288461538461 0.1622596153846154 0.039663461538461536 0.06971153846153846
2 0.6538461538461539 0.203125 0.03245192307692308 0.0733173076923077
2 0.6201923076923077 0.21634615384615385 0.030048076923076924 0.0733173076923077
2 0.7391826923076923 0.3762019230769231 0.042067307692307696 0.06610576923076923
1 0.6682692307692307 0.5348557692307693 0.04807692307692308 0.09014423076923077
1 0.5865384615384616 0.5300480769230769 0.042067307692307696 0.08653846153846154
2 0.5036057692307693 0.20552884615384615 0.03245192307692308 0.056490384615384616
2 0.46875 0.20673076923076922 0.027644230769230768 0.06009615384615385
1 0.41466346153846156 0.25841346153846156 0.030048076923076924 0.09615384615384616
2 0.3269230769230769 0.12860576923076922 0.04447115384615385 0.09014423076923077
2 0.24519230769230768 0.15865384615384615 0.03485576923076923 0.06370192307692307
1 0.11658653846153846 0.15504807692307693 0.052884615384615384 0.09014423076923077
1 0.12980769230769232 0.31009615384615385 0.05048076923076923 0.11298076923076923
2 0.7151442307692307 0.05048076923076923 0.03485576923076923 0.039663461538461536