2 0.036057692307692304 0.7716346153846154 0.042067307692307696 0.07451923076923077
1 0.09615384615384616 0.71875 0.0673076923076923 0.1346153846153846
1 0.15745192307692307 0.7247596153846154 0.030048076923076924 0.040865384615384616
1 0.30288461538461536 0.7680288461538461 0.055288461538461536 0.09735576923076923
1 0.34975961538461536 0.7319711538461539 0.03485576923076923 0.07091346153846154
1 0.53125 0.7103365384615384 0.037259615384615384 0.07091346153846154
2 0.5817307692307693 0.7560096153846154 0.037259615384615384 0.07451923076923077
1 0.6262019230769231 0.6850961538461539 0.042067307692307696 0.07451923076923077
1 0.7908653846153846 0.6586538461538461 0.052884615384615384 0.09014423076923077
2 0.39903846153846156 0.6442307692307693 0.027644230769230768 0.037259615384615384
1 0.9447115384615384 0.7716346153846154 0.020432692307692308 0.030048076923076924
1 0.7055288461538461 0.7644230769230769 0.025240384615384616 0.04447115384615385