1 0.8822115384615384 0.38822115384615385 0.06971153846153846 0.08653846153846154
1 0.7536057692307693 0.43990384615384615 0.057692307692307696 0.09375
1 0.6189903846153846 0.1778846153846154 0.07211538461538461 0.10096153846153846
1 0.6887019230769231 0.46274038461538464 0.04807692307692308 0.07091346153846154
1 0.6442307692307693 0.5841346153846154 0.042067307692307696 0.0673076923076923
0 0.7319711538461539 0.6346153846153846 0.03485576923076923 0.056490384615384616
1 0.8401442307692307 0.5612980769230769 0.03485576923076923 0.0673076923076923
1 0.8509615384615384 0.640625 0.02283653846153846 0.04447115384615385
1 0.7908653846153846 0.6814903846153846 0.02283653846153846 0.037259615384615384
1 0.5300480769230769 0.5276442307692307 0.06490384615384616 0.09014423076923077
1 0.4699519230769231 0.6081730769230769 0.039663461538461536 0.07091346153846154
1 0.23317307692307693 0.5372596153846154 0.0829326923076923 0.10817307692307693
1 0.06850961538461539 0.4699519230769231 0.037259615384615384 0.08653846153846154
1 0.3762019230769231 0.6442307692307693 0.02283653846153846 0.0673076923076923
1 0.4423076923076923 0.7415865384615384 0.03485576923076923 0.06009615384615385
1 0.5372596153846154 0.7716346153846154 0.030048076923076924 0.04447115384615385
1 0.6887019230769231 0.7439903846153846 0.02283653846153846 0.04927884615384615
1 0.9074519230769231 0.6634615384615384 0.020432692307692308 0.06009615384615385
1 0.9278846153846154 0.71875 0.020432692307692308 0.04447115384615385
1 0.8497596153846154 0.7524038461538461 0.030048076923076924 0.052884615384615384
1 0.7752403846153846 0.7884615384615384 0.020432692307692308 0.03365384615384615