1 0.7896634615384616 0.27524038461538464 0.09975961538461539 0.15384615384615385
2 0.8341346153846154 0.47716346153846156 0.07692307692307693 0.11658653846153846
2 0.44591346153846156 0.44350961538461536 0.07692307692307693 0.11658653846153846
1 0.5216346153846154 0.30528846153846156 0.10216346153846154 0.1466346153846154
1 0.9579326923076923 0.45552884615384615 0.06009615384615385 0.08653846153846154
1 0.18629807692307693 0.37259615384615385 0.0829326923076923 0.15384615384615385
1 0.07451923076923077 0.49399038461538464 0.055288461538461536 0.09014423076923077
1 0.2644230769230769 0.4170673076923077 0.04447115384615385 0.10096153846153846
1 0.35096153846153844 0.4699519230769231 0.052884615384615384 0.078125
1 0.3918269230769231 0.5108173076923077 0.057692307692307696 0.10817307692307693
1 0.5180288461538461 0.5144230769230769 0.06009615384615385 0.09375
1 0.5673076923076923 0.5144230769230769 0.039663461538461536 0.07091346153846154
1 0.6129807692307693 0.6081730769230769 0.030048076923076924 0.056490384615384616
1 0.7259615384615384 0.6442307692307693 0.042067307692307696 0.052884615384615384
2 0.2980769230769231 0.5096153846153846 0.039663461538461536 0.07451923076923077
1 0.1201923076923077 0.5901442307692307 0.03485576923076923 0.056490384615384616
1 0.37259615384615385 0.6141826923076923 0.04447115384615385 0.0673076923076923
2 0.47115384615384615 0.6634615384615384 0.03245192307692308 0.052884615384615384
1 0.5144230769230769 0.6850961538461539 0.014423076923076924 0.037259615384615384
1 0.6418269230769231 0.6911057692307693 0.018028846153846152 0.03365384615384615
1 0.42427884615384615 0.6670673076923077 0.02283653846153846 0.037259615384615384
1 0.25240384615384615 0.7043269230769231 0.020432692307692308 0.030048076923076924
1 0.6850961538461539 0.6310096153846154 0.03485576923076923 0.04927884615384615
1 0.5769230769230769 0.5745192307692307 0.030048076923076924 0.056490384615384616
1 0.9134615384615384 0.6875 0.02283653846153846 0.040865384615384616
1 0.9591346153846154 0.6971153846153846 0.02283653846153846 0.04447115384615385
1 0.78125 0.6538461538461539 0.018028846153846152 0.03365384615384615
1 0.9375 0.7007211538461539 0.020432692307692308 0.037259615384615384