1 0.8930288461538461 0.5853365384615384 0.08052884615384616 0.17908653846153846
1 0.9326923076923077 0.2668269230769231 0.06490384615384616 0.14543269230769232
1 0.8641826923076923 0.11899038461538461 0.057692307692307696 0.1502403846153846
1 0.7752403846153846 0.5120192307692307 0.06490384615384616 0.16947115384615385
1 0.8353365384615384 0.4074519230769231 0.055288461538461536 0.13581730769230768
1 0.6670673076923077 0.5949519230769231 0.06009615384615385 0.19951923076923078
1 0.7271634615384616 0.9338942307692307 0.09495192307692307 0.12139423076923077
1 0.5721153846153846 0.8978365384615384 0.11057692307692307 0.19471153846153846
1 0.5805288461538461 0.359375 0.06971153846153846 0.17427884615384615
1 0.6586538461538461 0.24278846153846154 0.0625 0.14543269230769232
1 0.45552884615384615 0.3786057692307692 0.06009615384615385 0.14543269230769232
1 0.4206730769230769 0.7836538461538461 0.0829326923076923 0.15985576923076922
1 0.3713942307692308 0.5853365384615384 0.0625 0.17908653846153846
1 0.3954326923076923 0.32572115384615385 0.06490384615384616 0.16466346153846154
1 0.33774038461538464 0.12620192307692307 0.055288461538461536 0.13581730769230768
2 0.4639423076923077 0.09254807692307693 0.04807692307692308 0.09735576923076923
1 0.23317307692307693 0.4170673076923077 0.057692307692307696 0.14543269230769232
1 0.19230769230769232 0.6790865384615384 0.09014423076923077 0.20432692307692307
1 0.14182692307692307 0.6502403846153846 0.057692307692307696 0.15504807692307693
1 0.036057692307692304 0.45913461538461536 0.0673076923076923 0.18990384615384615
1 0.0733173076923077 0.20192307692307693 0.0625 0.1502403846153846
1 0.056490384615384616 0.055288461538461536 0.052884615384615384 0.09254807692307693
1 0.15144230769230768 0.36177884615384615 0.0673076923076923 0.140625
1 0.026442307692307692 0.8882211538461539 0.04807692307692308 0.21394230769230768