1 0.39783653846153844 0.7487980769230769 0.06971153846153846 0.12860576923076922
1 0.5384615384615384 0.6069711538461539 0.057692307692307696 0.11057692307692307
1 0.28846153846153844 0.11298076923076923 0.13221153846153846 0.21754807692307693
1 0.5360576923076923 0.06850961538461539 0.12259615384615384 0.12860576923076922
1 0.8389423076923077 0.8004807692307693 0.057692307692307696 0.10697115384615384
1 0.6454326923076923 0.8461538461538461 0.06490384615384616 0.10216346153846154
1 0.7247596153846154 0.8425480769230769 0.06009615384615385 0.12860576923076922
1 0.5120192307692307 0.7487980769230769 0.06490384615384616 0.12860576923076922
1 0.5276442307692307 0.953125 0.025240384615384616 0.07572115384615384
1 0.4074519230769231 0.9134615384615384 0.04447115384615385 0.08413461538461539
1 0.2704326923076923 0.9675480769230769 0.03125 0.06009615384615385
1 0.15745192307692307 0.9134615384615384 0.04447115384615385 0.07572115384615384
1 0.05048076923076923 0.8774038461538461 0.05048076923076923 0.06610576923076923
1 0.20552884615384615 0.9471153846153846 0.030048076923076924 0.0625
1 0.7884615384615384 0.9579326923076923 0.04326923076923077 0.07932692307692307
2 0.2283653846153846 0.8798076923076923 0.037259615384615384 0.08052884615384616