1 0.9338942307692307 0.6129807692307693 0.09735576923076923 0.16466346153846154
1 0.6766826923076923 0.7451923076923077 0.037259615384615384 0.06971153846153846
1 0.5829326923076923 0.7175480769230769 0.030048076923076924 0.07451923076923077
1 0.3713942307692308 0.7427884615384616 0.037259615384615384 0.07451923076923077
1 0.3112980769230769 0.8269230769230769 0.042067307692307696 0.09495192307692307
1 0.10697115384615384 0.7403846153846154 0.08052884615384616 0.19951923076923078
1 0.28846153846153844 0.5372596153846154 0.042067307692307696 0.08533653846153846
2 0.17548076923076922 0.7151442307692307 0.055288461538461536 0.09014423076923077
2 0.6189903846153846 0.7824519230769231 0.02283653846153846 0.055288461538461536
1 0.7103365384615384 0.7872596153846154 0.020432692307692308 0.06490384615384616
2 0.7980769230769231 0.8100961538461539 0.03485576923076923 0.09014423076923077
1 0.4495192307692308 0.8245192307692307 0.03485576923076923 0.06971153846153846