1 0.9447115384615384 0.7776442307692307 0.06971153846153846 0.08653846153846154
1 0.8125 0.7944711538461539 0.06490384615384616 0.09735576923076923
1 0.6875 0.7992788461538461 0.06971153846153846 0.10096153846153846
1 0.5961538461538461 0.7644230769230769 0.0625 0.0673076923076923
1 0.5432692307692307 0.7584134615384616 0.0625 0.10096153846153846
1 0.2956730769230769 0.7824519230769231 0.0625 0.14182692307692307
1 0.15625 0.7175480769230769 0.07211538461538461 0.1310096153846154
1 0.10576923076923077 0.45072115384615385 0.07692307692307693 0.1466346153846154
1 0.1935096153846154 0.36658653846153844 0.0829326923076923 0.11177884615384616
1 0.3918269230769231 0.3894230769230769 0.07211538461538461 0.1201923076923077
1 0.47836538461538464 0.49759615384615385 0.0673076923076923 0.14182692307692307
1 0.6526442307692307 0.40865384615384615 0.09014423076923077 0.11177884615384616
1 0.8617788461538461 0.49759615384615385 0.07211538461538461 0.12740384615384615