1 0.38341346153846156 0.5360576923076923 0.057692307692307696 0.1201923076923077
1 0.38100961538461536 0.7427884615384616 0.07692307692307693 0.07091346153846154
1 0.6454326923076923 0.3269230769230769 0.06009615384615385 0.15504807692307693
1 0.5769230769230769 0.47115384615384615 0.039663461538461536 0.13341346153846154
1 0.6947115384615384 0.7403846153846154 0.025240384615384616 0.04927884615384615
0 0.26322115384615385 0.7596153846153846 0.03245192307692308 0.052884615384615384
2 0.0829326923076923 0.7644230769230769 0.020432692307692308 0.036057692307692304
2 0.5072115384615384 0.7848557692307693 0.025240384615384616 0.057692307692307696
2 0.7524038461538461 0.8016826923076923 0.020432692307692308 0.057692307692307696
2 0.5757211538461539 0.6045673076923077 0.037259615384615384 0.0625
1 0.8918269230769231 0.6598557692307693 0.027644230769230768 0.039663461538461536
2 0.9338942307692307 0.6310096153846154 0.037259615384615384 0.07091346153846154
2 0.9387019230769231 0.5084134615384616 0.027644230769230768 0.10216346153846154
2 0.9651442307692307 0.6394230769230769 0.030048076923076924 0.052884615384615384