1 0.9471153846153846 0.12860576923076922 0.06971153846153846 0.13341346153846154
1 0.8293269230769231 0.14903846153846154 0.0829326923076923 0.13822115384615385
1 0.8112980769230769 0.41346153846153844 0.08774038461538461 0.15144230769230768
1 0.8966346153846154 0.7536057692307693 0.07692307692307693 0.13822115384615385
1 0.6850961538461539 0.46033653846153844 0.08533653846153846 0.16466346153846154
1 0.7043269230769231 0.8112980769230769 0.07692307692307693 0.1201923076923077
1 0.4831730769230769 0.6129807692307693 0.08774038461538461 0.1778846153846154
1 0.4699519230769231 0.9002403846153846 0.08052884615384616 0.16466346153846154
1 0.4014423076923077 0.5661057692307693 0.07692307692307693 0.1466346153846154
1 0.2668269230769231 0.7752403846153846 0.07692307692307693 0.16466346153846154
1 0.15504807692307693 0.3173076923076923 0.08052884615384616 0.15504807692307693
1 0.03125 0.18028846153846154 0.057692307692307696 0.1201923076923077
1 0.03485576923076923 0.421875 0.06490384615384616 0.15144230769230768
1 0.16346153846153846 0.6225961538461539 0.07692307692307693 0.15985576923076922
1 0.056490384615384616 0.7091346153846154 0.09254807692307693 0.16466346153846154
1 0.18629807692307693 0.9194711538461539 0.08774038461538461 0.15144230769230768